HRH2_res_no	conservation	entropy	annotation
1	14.7	0.72	Other
2	3.58	0.79	Other
3	10.39	2.93	Other
4	25.45	2.09	Other
5	9.32	3.33	Other
6	15.77	2.62	Other
7	7.53	2.8	Other
8	8.96	2.36	Other
9	20.79	3.67	Other
10	1.08	0.21	Other
11	1.43	0.16	Other
12	0	0.03	Other
13	29.75	3.99	Other
14	30.11	3.91	Other
15	13.98	3.76	Other
16	32.26	3.87	Other
17	37.28	4.05	Other
18	41.58	4.01	Other
19	34.05	3.82	Other
20	39.43	3.3	Other
21	64.87	3.49	Other
22	58.42	3.47	Other
23	27.6	3.31	Other
24	49.46	2.7	Other
25	81.72	2.93	Other
26	37.28	3.25	Other
27	27.6	2.75	Other
28	69.18	2.56	Other
29	65.59	3.02	Other
30	35.13	2.61	Other
31	41.94	2.65	Other
32	84.59	2.13	Other
33	57.35	2.52	Other
34	42.29	2.9	Other
35	85.3	1.89	Other
36	95.7	0.17	Other
37	35.48	2.99	Other
38	59.86	2.34	Other
39	87.1	1.89	Other
40	72.04	2.35	Other
41	50.18	3.42	Other
42	73.84	2.83	Other
43	82.8	2.7	Other
44	41.58	3.65	Other
45	50.54	3.51	Other
46	59.14	3.85	Other
47	60.57	3.4	Other
48	59.14	3.32	Other
49	62.37	3.16	Other
50	67.03	2.95	Other
51	63.8	2.84	Other
52	74.19	3.26	Other
53	79.57	3.14	Transducer
54	75.99	3.18	Transducer
55	68.82	3.06	Other
56	87.46	2.18	Other
57	87.81	2.25	Other
58	68.82	3.12	Other
59	81.36	1.98	Other
60	94.27	0.74	Other
61	84.95	1.57	Other
62	48.03	2.69	Other
63	82.44	1.9	Na+ Pocket
64	94.62	0.62	Na+ Pocket
65	71.33	2	Other
66	66.67	2.03	Other
67	78.49	3.17	Other
68	71.33	3.2	Other
69	43.73	2.75	Other
70	40.14	2.9	Other
71	74.55	3.49	Other
72	78.49	2.74	Other
73	88.17	1.48	Other
74	66.31	2.76	Other
75	81	3.87	Ligand
76	70.61	2.88	Other
77	46.24	3.58	Other
78	64.16	3.81	Other
79	61.65	3.81	Other
80	44.8	3.16	Other
81	41.22	3.91	Other
82	46.59	3.81	Other
83	36.2	4.06	Other
84	82.8	1.64	Other
85	44.8	3.81	Other
86	63.8	2.36	Other
87	70.25	2.04	Other
88	33.33	3.99	Other
89	21.51	3.63	Other
90	53.76	3.23	Other
91	93.91	0.81	Disulfide Bridge
92	69.89	3.17	Other
93	40.86	2.88	Other
94	67.03	3.59	Other
95	72.04	3.9	Other
96	68.82	3.21	Other
97	55.91	2.75	Other
98	83.87	3.74	Ligand
99	78.85	3.75	Ligand
100	63.8	3.21	Other
101	81	3.02	Other
102	84.59	3.52	Ligand
103	82.08	3.26	Ligand
104	73.12	2.75	Other
105	82.44	1.49	Other
106	82.44	2.42	PIF
107	73.48	2.88	Other
108	83.15	3.1	Other
109	89.96	1.58	Other
110	64.87	2.86	Other
111	67.74	2.75	Other
112	93.55	1.84	Other
113	87.46	1.71	Other
114	62.37	2.44	Other
115	92.83	1.76	DRY
116	94.62	0.45	DRY
117	89.61	1.73	DRY
118	65.59	3.05	Other
119	80.29	2.68	Transducer
120	86.38	1.84	Transducer
121	70.97	3.25	Other
122	65.23	3.31	Other
123	84.95	1.78	Transducer
124	63.8	3.11	Other
125	56.99	3.74	Other
126	67.74	3.39	Other
127	60.22	3.89	Other
128	43.01	3.85	Other
129	47.67	3.84	Other
130	56.27	3.44	Other
131	58.78	2.86	Other
132	43.01	3.71	Other
133	37.99	3.44	Other
134	57.35	3.75	Other
135	72.4	2.57	Other
136	42.29	3.6	Other
137	23.66	3.46	Other
138	59.14	3.13	Other
139	77.06	2.7	Cholesterol
140	20.43	2.88	Other
141	23.3	2.99	Other
142	70.25	2.6	Other
143	97.13	0.39	Cholesterol
144	22.22	2.72	Other
145	42.29	2.91	Other
146	67.38	2.36	Other
147	34.41	2.96	Other
148	29.75	2.62	Other
149	58.42	3.22	Other
150	67.03	3.06	Other
151	48.75	2.96	Other
152	84.59	1.95	Other
153	73.48	3.57	Other
154	58.06	3.04	Other
155	51.61	3.19	Other
156	8.24	0.76	Other
157	26.16	1.86	Other
158	64.87	3.33	Other
159	52.33	3.91	Other
160	37.99	3.93	Other
161	27.24	3.95	Other
162	14.7	3.53	Other
163	15.77	2.65	Other
164	9.32	2.13	Other
165	8.24	1.55	Other
166	6.09	1.3	Other
167	3.23	0.93	Other
168	18.64	2.99	Other
169	22.58	3.73	Other
170	27.96	3.58	Other
171	27.96	3.87	Other
172	32.26	3.89	Other
173	44.44	4.08	Other
174	95.7	0.27	Disulfide Bridge
175	53.41	4.05	Other
176	51.25	3.78	Other
177	40.5	3.9	Other
178	65.23	3.57	Other
179	51.61	3.36	Other
180	37.99	3.76	Other
181	37.99	3.8	Other
182	70.97	3.36	Other
183	55.56	3.86	Other
184	54.12	3.41	Other
185	51.97	3.68	Other
186	71.33	3.87	Other
187	64.52	3.38	Other
188	46.95	3.14	Other
189	48.39	3.11	Other
190	74.55	3.47	Other
191	88.53	1.7	Transducer
192	53.05	3.05	Other
193	42.65	2.52	Other
194	88.53	1.47	PIF
195	70.61	2.45	Other
196	25.09	2.88	Other
197	56.27	2.52	Other
198	80.29	2.46	Other
199	44.09	3.09	Other
200	47.31	3.2	Other
201	78.85	2.69	Other
202	90.68	1.51	Other
203	36.92	3.61	Other
204	53.76	3.56	Other
205	87.1	1.95	Other
206	72.04	3.38	Other
207	40.5	3.53	Other
208	58.42	3.71	Other
209	85.66	2.25	Other
210	50.18	3.36	Other
211	41.94	3.37	Other
212	60.57	3.81	Other
213	46.59	3.92	Other
214	34.41	3.82	Other
215	26.16	2.62	Other
216	22.94	2.1	Other
217	25.81	2.78	Other
218	20.43	2.86	Other
219	15.41	1.72	Other
220	15.41	2.21	Other
221	30.11	3.29	Other
222	30.47	3.36	Other
223	30.47	3.41	Other
224	36.2	3.71	Other
225	39.43	3.66	Other
226	40.86	3.99	Other
227	41.94	3.88	Other
228	63.8	3.47	Other
229	74.19	3.35	Other
230	59.86	3.54	Other
231	83.51	2.14	Transducer
232	81	3.15	Transducer
233	72.4	3.32	Other
234	70.61	2.94	Other
235	82.44	2.97	Transducer
236	86.38	2.47	Other
237	58.06	3.31	Other
238	56.99	2.84	Other
239	84.23	2.39	Other
240	78.85	2.58	Other
241	43.73	3.02	Other
242	59.86	2.84	Other
243	95.34	1.06	PIF
244	63.08	2.96	Other
245	41.94	2.42	Other
246	87.81	1.63	CWxP
247	94.27	1.66	CWxP
248	67.74	2.83	Other
249	98.21	0.07	CWxP
250	88.17	2.63	Ligand
251	82.44	3.28	Ligand
252	53.05	2.61	Other
253	62.37	3.53	Other
254	73.12	3.98	Other
255	62.37	2.8	Other
256	59.86	3.03	Other
257	58.42	4.08	Other
258	60.93	3.71	Other
259	55.56	3.27	Other
260	43.37	3.99	Other
261	30.11	4	Other
262	19.35	3.62	Other
263	39.78	2.38	Other
264	14.34	3.78	Other
265	34.41	3.81	Other
266	26.88	2.41	Other
267	41.94	4.18	Other
268	35.13	4.05	Other
269	49.46	3.26	Other
270	69.53	3.75	Other
271	56.27	4.15	Other
272	51.25	2.95	Other
273	65.59	3.2	Other
274	73.84	3.81	Other
275	65.59	3.38	Other
276	72.04	2	Other
277	72.76	2.78	Other
278	81	3.2	Ligand
279	56.27	3.21	Other
280	86.38	1.88	Na+ Pocket
281	84.59	1.95	Other
282	74.91	2.76	Other
283	70.61	2.76	Other
284	94.27	1.34	NPxxY
285	96.77	0.5	NPxxY
286	64.16	2.45	Other
287	88.53	1.95	Other
288	96.42	0.67	NPxxY
289	79.93	3.47	Other
290	75.27	2.57	Other
291	81	3.28	Transducer
292	80.29	3	Transducer
293	60.22	3.41	Other
294	63.08	3.7	Other
295	83.87	1.94	Transducer
296	72.04	2.03	Other
297	42.65	3.29	Other
298	63.08	3.79	Other
299	63.08	2.51	Other
300	43.01	3.57	Other
301	41.58	3.73	Other
302	51.61	3.32	Other
303	46.24	2.66	Other
304	31.9	3.65	Other
305	31.9	2.35	Other
306	17.56	3.72	Other
307	7.17	1.18	Other
308	0	0.16	Other
309	0	0.07	Other
310	0	0.03	Other
311	0.36	0.03	Other
312	4.3	0.72	Other
313	30.11	3.04	Other
314	17.2	3.59	Other
315	18.28	2.42	Other
316	1.79	0.97	Other
317	3.23	1.01	Other
318	4.3	1.36	Other
319	5.73	1.81	Other
320	17.92	2.95	Other
321	15.41	3.01	Other
322	16.13	3.1	Other
323	19	3.14	Other
324	11.47	2.88	Other
325	11.11	2.57	Other
326	9.68	2.47	Other
327	7.17	2.07	Other
328	6.09	1.79	Other
329	3.23	1.43	Other
330	4.3	1.12	Other
331	2.15	0.88	Other
332	1.43	0.46	Other
333	2.51	0.49	Other
334	2.15	0.52	Other
335	2.51	0.98	Other
336	5.02	1.24	Other
337	5.73	1.28	Other
338	7.53	1.78	Other
339	7.89	1.74	Other
340	9.68	1.64	Other
341	9.68	1.68	Other
342	4.3	1.5	Other
343	5.73	1.35	Other
344	4.66	1.13	Other
345	5.73	1.16	Other
346	2.51	0.93	Other
347	1.43	0.51	Other
348	0.72	0.28	Other
349	0.36	0.16	Other
350	0.36	0.14	Other
351	0.36	0.1	Other
352	5.73	1.82	Other
353	11.11	2.14	Other
354	11.11	2.09	Other
355	10.75	2.08	Other
356	6.81	2	Other
357	6.45	1.67	Other
358	5.38	1.56	Other
359	6.45	1.5	Other
