AGRL3_res_no	conservation	entropy	annotation
944	100	0	Cholesterol
978	100	0	Disulfide Bridge
993	100	0	Ligand
999	100	0	Other
1000	100	0.2	Ligand
939	100	0.34	Other
927	96.88	0	Disulfide Bridge
1068	96.88	0	Ligand
914	96.88	0.78	Ligand
1014	96.88	0.82	Other
975	96.88	1.35	Cholesterol
935	93.75	0	Other
819	93.75	0.2	Disulfide Bridge
824	93.75	0.2	Other
808	93.75	0.53	Ligand
1086	93.75	0.53	Other
875	93.75	0.93	Other
838	90.62	0.4	Disulfide Bridge
974	90.62	0.53	Cholesterol
836	90.62	0.6	Disulfide Bridge
847	90.62	0.6	Tethered Agonist
976	90.62	0.64	Cholesterol
805	90.62	0.67	Disulfide Bridge
1022	90.62	0.84	Other
864	90.62	0.84	Other
942	90.62	1.03	Other
1093	90.62	1.04	Other
1071	90.62	1.68	Transducer
900	87.5	0.73	Other
1094	87.5	0.53	Other
879	87.5	0.73	Other
844	87.5	0.93	Tethered Agonist
871	87.5	1.06	Other
902	87.5	1.26	Cholesterol
931	87.5	1.32	Ligand
953	87.5	1.56	Other
948	87.5	1.7	Other
1084	87.5	1.79	Other
938	87.5	1.94	Other
959	87.5	2.03	Transducer
1101	87.5	2.07	Other
910	87.5	2.22	Other
886	84.38	2.05	Transducer
1011	84.38	1.16	Cholesterol
936	84.38	1.29	Other
1064	84.38	1.31	Ligand
934	84.38	1.39	Other
1001	84.38	1.61	Other
907	84.38	1.62	Other
867	84.38	1.65	Other
1060	84.38	1.69	Other
1018	84.38	2.03	Other
982	84.38	2.39	Ligand
791	84.38	2.45	Ligand
1009	84.38	2.86	Transducer
1007	84.38	3.16	Transducer
954	84.38	3.2	Transducer
958	81.25	1.12	Other
955	81.25	1.67	Other
1067	81.25	1.06	Other
1063	81.25	1.14	Other
845	81.25	1.32	Tethered Agonist
1090	81.25	1.35	Other
994	81.25	1.44	Other
1013	81.25	1.54	Other
1065	81.25	1.56	Other
903	81.25	1.7	Transducer
952	81.25	1.7	Other
1061	81.25	2.1	Transducer
899	81.25	2.39	Other
1026	81.25	2.58	Other
885	81.25	2.99	Transducer
1100	81.25	3.73	Transducer
950	78.12	1.48	Other
1107	78.12	2.26	Other
894	78.12	2.5	Transducer
1053	78.12	2.83	Transducer
823	78.12	1.06	Other
848	78.12	1.06	Other
840	78.12	1.31	Other
1102	78.12	1.96	Other
1019	78.12	2.06	Other
985	78.12	2.15	Other
878	78.12	2.3	Transducer
1032	78.12	2.5	Other
892	78.12	2.5	Other
970	78.12	2.55	Tethered Agonist
843	75	1.56	Other
817	75	1.12	Other
768	75	1.16	Other
1097	75	1.44	Other
945	75	1.52	Transducer
956	75	1.56	Other
937	75	1.75	Other
1070	75	1.78	Other
735	75	1.79	Other
1010	75	1.82	Other
787	75	1.88	Other
908	75	2.07	Transducer
957	75	2.16	Other
1029	75	2.23	Other
882	75	2.41	Transducer
971	75	2.41	Tethered Agonist
849	75	2.45	Other
951	75	2.46	Other
869	75	2.51	Other
1057	75	2.57	Other
1072	75	2.7	Other
1083	75	2.71	Other
1025	75	2.75	Transducer
911	75	2.83	Other
1055	71.88	1.29	Other
1059	71.88	2.07	Other
949	71.88	1.17	Other
915	71.88	1.37	Other
846	71.88	1.44	Tethered Agonist
981	71.88	1.44	Other
1096	71.88	1.66	Other
1108	71.88	1.8	Other
917	71.88	1.9	Other
1008	71.88	2.04	Other
1015	71.88	2.24	Transducer
1033	71.88	2.29	Other
947	71.88	2.37	Other
932	71.88	2.47	Other
876	71.88	2.64	Other
789	71.88	2.77	Other
1074	71.88	2.81	Transducer
967	71.88	2.97	Transducer
1105	68.75	1.68	Other
897	68.75	2.88	Other
550	68.75	1.18	Other
661	68.75	1.5	Other
841	68.75	1.54	Other
1098	68.75	1.67	Other
842	68.75	1.77	Other
1073	68.75	1.8	Other
834	68.75	1.83	Other
806	68.75	1.91	Other
714	68.75	2	Other
870	68.75	2.16	Other
1087	68.75	2.23	Other
906	68.75	2.28	Other
807	68.75	2.28	Other
1082	68.75	2.53	Other
1012	68.75	2.61	Other
943	68.75	2.71	Other
1075	68.75	2.77	Other
992	68.75	2.86	Other
960	68.75	1.92	Other
1006	65.62	1.6	Other
533	65.62	2.7	Other
979	65.62	0.86	Other
984	65.62	1.67	Other
946	65.62	1.79	Other
1092	65.62	2.06	Other
657	65.62	2.14	Other
712	65.62	2.17	Other
1062	65.62	2.2	Other
1021	65.62	2.23	Other
986	65.62	2.26	Other
686	65.62	2.34	Other
890	65.62	2.38	Other
904	65.62	2.4	Other
764	65.62	2.57	Other
1035	65.62	2.7	Other
889	65.62	2.74	Other
1056	65.62	2.79	Other
896	65.62	2.88	Other
1036	65.62	3.04	Other
1030	65.62	3.1	Other
963	65.62	3.5	Other
961	65.62	3.68	Other
1039	62.5	2.22	Other
521	62.5	0.86	Other
868	62.5	1.83	Other
1089	62.5	2	Other
883	62.5	2.06	Other
1066	62.5	2.32	Other
730	62.5	2.35	Other
793	62.5	2.36	Other
872	62.5	2.46	Other
969	62.5	2.51	Other
901	62.5	2.73	Other
1112	62.5	2.99	Other
1038	62.5	3.01	Other
968	62.5	3.01	Other
998	62.5	3.24	Other
928	59.38	2.76	Other
508	59.38	1.58	Other
874	59.38	1.69	Other
933	59.38	2.08	Other
667	59.38	2.2	Other
742	59.38	2.2	Other
766	59.38	2.24	Other
741	59.38	2.29	Other
1091	59.38	2.42	Other
913	59.38	2.44	Other
941	59.38	2.46	Other
1054	59.38	2.47	Other
1104	59.38	2.52	Other
893	59.38	2.56	Other
977	59.38	2.72	Other
546	59.38	2.73	Other
1016	59.38	2.75	Other
930	59.38	2.86	Other
1058	59.38	2.91	Other
895	59.38	2.95	Other
732	59.38	2.98	Other
962	59.38	2.98	Other
966	59.38	2.99	Other
866	59.38	3.15	Other
1045	59.38	3.21	Other
989	59.38	3.28	Other
734	56.25	2.51	Other
498	56.25	1.47	Other
633	56.25	1.63	Other
1085	56.25	1.63	Other
656	56.25	1.69	Other
1109	56.25	1.87	Other
1088	56.25	1.92	Other
769	56.25	2.17	Other
918	56.25	2.22	Other
770	56.25	2.44	Other
1103	56.25	2.7	Other
688	56.25	2.74	Other
887	56.25	2.86	Other
972	56.25	2.91	Other
1076	56.25	2.94	Other
1002	56.25	3	Other
731	56.25	3.08	Other
965	53.12	2.49	Other
317	53.12	1.33	Other
527	53.12	1.86	Other
715	53.12	1.96	Other
820	53.12	2.08	Other
531	53.12	2.28	Other
588	53.12	2.32	Other
773	53.12	2.35	Other
783	53.12	2.4	Other
630	53.12	2.45	Other
1111	53.12	2.46	Other
660	53.12	2.6	Other
916	53.12	2.63	Other
988	53.12	2.66	Other
865	53.12	2.87	Other
598	53.12	2.91	Other
898	53.12	2.95	Other
1027	53.12	3.01	Other
710	53.12	3.2	Other
1028	53.12	3.23	Other
1047	53.12	3.28	Other
700	53.12	3.34	Other
1052	53.12	3.46	Other
1040	53.12	3.48	Other
1041	50	2.95	Other
891	50	3.1	Other
1037	50	3.48	Other
379	50	1	Other
97	50	1.48	Other
575	50	1.79	Other
912	50	2.16	Other
579	50	2.17	Other
929	50	2.2	Other
684	50	2.36	Other
626	50	2.5	Other
809	50	2.5	Other
1024	50	2.57	Other
738	50	2.59	Other
1099	50	2.71	Other
592	50	2.73	Other
909	50	2.83	Other
850	50	2.84	Other
995	50	2.86	Other
888	50	2.78	Other
1069	50	2.9	Other
664	50	3.05	Other
1023	50	3.06	Other
729	50	3.09	Other
775	50	3.12	Other
1106	50	3.2	Other
1003	50	3.41	Other
1050	50	3.48	Other
591	50	3.66	Other
920	46.88	2.65	Other
964	46.88	3.11	Other
66	46.88	1.5	Other
123	46.88	1.5	Other
229	46.88	1.51	Other
940	46.88	1.51	Other
36	46.88	1.68	Other
587	46.88	1.87	Other
987	46.88	1.93	Other
980	46.88	2.16	Other
983	46.88	2.22	Other
702	46.88	2.28	Other
973	46.88	2.32	Other
506	46.88	2.33	Other
873	46.88	2.37	Other
786	46.88	2.39	Other
881	46.88	2.52	Other
595	46.88	2.59	Other
1115	46.88	2.76	Other
654	46.88	2.76	Other
826	46.88	2.68	Other
884	46.88	2.75	Other
549	46.88	2.76	Other
572	46.88	2.85	Other
771	46.88	2.98	Other
594	46.88	3.01	Other
1049	46.88	3.1	Other
1079	46.88	3.13	Other
718	46.88	3.22	Other
1051	46.88	3.34	Other
1031	46.88	3.4	Other
1123	46.88	3.65	Other
1034	43.75	2.59	Other
641	43.75	1.29	Other
45	43.75	1.74	Other
522	43.75	2.07	Other
509	43.75	2.17	Other
1020	43.75	2.37	Other
733	43.75	2.44	Other
877	43.75	2.5	Other
644	43.75	2.61	Other
1081	43.75	2.83	Other
719	43.75	2.72	Other
743	43.75	2.8	Other
687	43.75	3	Other
1113	43.75	3.04	Other
1114	43.75	3.08	Other
690	43.75	3.09	Other
921	43.75	3.1	Other
833	43.75	3.12	Other
919	43.75	3.13	Other
548	43.75	3.14	Other
767	43.75	3.15	Other
599	43.75	3.25	Other
780	43.75	3.25	Other
1141	43.75	3.34	Other
1042	43.75	3.37	Other
1043	43.75	3.42	Other
663	43.75	3.6	Other
851	43.75	3.68	Other
1044	43.75	3.76	Other
1046	40.62	2.51	Other
774	40.62	2.87	Other
861	40.62	2.93	Other
514	40.62	1.33	Other
343	40.62	1.64	Other
545	40.62	1.7	Other
440	40.62	1.9	Other
511	40.62	1.93	Other
268	40.62	1.96	Other
746	40.62	2.03	Other
177	40.62	2.07	Other
125	40.62	2.11	Other
683	40.62	2.16	Other
65	40.62	2.31	Other
552	40.62	2.41	Other
466	40.62	2.49	Other
583	40.62	2.52	Other
558	40.62	2.53	Other
1144	40.62	2.61	Other
529	40.62	2.61	Other
765	40.62	2.62	Other
880	40.62	2.7	Other
1116	40.62	2.72	Other
790	40.62	2.89	Other
1048	40.62	2.93	Other
555	40.62	2.95	Other
547	40.62	2.96	Other
1139	40.62	2.99	Other
631	40.62	3.01	Other
772	40.62	3.04	Other
1132	40.62	3.1	Other
863	40.62	3.14	Other
1110	40.62	3.2	Other
736	40.62	3.2	Other
497	40.62	3.3	Other
559	40.62	3.36	Other
665	40.62	3.36	Other
568	40.62	3.53	Other
596	40.62	3.54	Other
925	40.62	3.94	Other
1005	37.5	2.57	Other
860	37.5	3.01	Other
862	37.5	3.16	Other
216	37.5	1	Other
273	37.5	1	Other
91	37.5	1.13	Other
286	37.5	1.81	Other
492	37.5	2.04	Other
602	37.5	2.11	Other
517	37.5	2.15	Other
293	37.5	2.19	Other
632	37.5	2.27	Other
68	37.5	2.34	Other
1147	37.5	2.47	Other
703	37.5	2.62	Other
62	37.5	2.68	Other
629	37.5	2.7	Other
1128	37.5	2.73	Other
1134	37.5	2.74	Other
685	37.5	2.76	Other
1080	37.5	2.78	Other
709	37.5	2.8	Other
1118	37.5	2.83	Other
739	37.5	2.83	Other
624	37.5	3.04	Other
628	37.5	3.07	Other
991	37.5	3.14	Other
578	37.5	3.18	Other
728	37.5	3.25	Other
762	37.5	3.27	Other
810	37.5	3.47	Other
561	37.5	3.48	Other
853	37.5	3.68	Other
800	37.5	3.69	Other
990	34.38	2.36	Other
689	34.38	2.72	Other
1208	34.38	1.08	Other
46	34.38	1.13	Other
121	34.38	1.25	Other
70	34.38	1.33	Other
399	34.38	1.38	Other
102	34.38	1.64	Other
1199	34.38	1.66	Other
211	34.38	1.67	Other
214	34.38	1.67	Other
84	34.38	1.69	Other
1197	34.38	1.7	Other
345	34.38	1.75	Other
227	34.38	1.95	Other
1207	34.38	2.02	Other
341	34.38	2.06	Other
291	34.38	2.12	Other
267	34.38	2.13	Other
390	34.38	2.17	Other
176	34.38	2.18	Other
215	34.38	2.29	Other
101	34.38	2.32	Other
1095	34.38	2.4	Other
1198	34.38	2.41	Other
288	34.38	2.52	Other
1017	34.38	2.53	Other
60	34.38	2.55	Other
674	34.38	2.63	Other
1129	34.38	2.64	Other
99	34.38	2.69	Other
495	34.38	2.77	Other
35	34.38	2.81	Other
571	34.38	2.82	Other
926	34.38	2.82	Other
905	34.38	2.84	Other
512	34.38	2.85	Other
830	34.38	2.85	Other
513	34.38	2.87	Other
698	34.38	2.87	Other
563	34.38	2.88	Other
652	34.38	2.95	Other
1140	34.38	2.96	Other
528	34.38	3.01	Other
640	34.38	3.03	Other
679	34.38	3.03	Other
625	34.38	3.04	Other
556	34.38	3.1	Other
668	34.38	3.18	Other
693	34.38	3.18	Other
597	34.38	3.2	Other
671	34.38	3.26	Other
1138	34.38	3.27	Other
1120	34.38	3.3	Other
818	34.38	3.31	Other
589	34.38	3.38	Other
763	34.38	3.48	Other
1077	34.38	3.5	Other
257	31.25	0.9	Other
59	31.25	0.93	Other
1154	31.25	1.31	Other
78	31.25	1.42	Other
225	31.25	1.43	Other
276	31.25	1.55	Other
1156	31.25	1.61	Other
1351	31.25	1.67	Other
460	31.25	1.78	Other
1150	31.25	1.8	Other
43	31.25	1.8	Other
1151	31.25	1.84	Other
391	31.25	1.84	Other
336	31.25	1.87	Other
1179	31.25	1.87	Other
479	31.25	2.02	Other
1177	31.25	2.26	Other
485	31.25	2.55	Other
606	31.25	2.39	Other
31	31.25	2.42	Other
380	31.25	2.46	Other
1212	31.25	2.48	Other
178	31.25	2.49	Other
64	31.25	2.56	Other
524	31.25	2.66	Other
1125	31.25	2.69	Other
1201	31.25	2.74	Other
530	31.25	2.81	Other
33	31.25	2.76	Other
538	31.25	2.76	Other
691	31.25	2.8	Other
1143	31.25	2.82	Other
601	31.25	2.83	Other
815	31.25	2.84	Other
551	31.25	2.86	Other
803	31.25	2.86	Other
499	31.25	2.91	Other
1137	31.25	2.96	Other
565	31.25	2.97	Other
586	31.25	2.97	Other
653	31.25	3.04	Other
518	31.25	3.04	Other
560	31.25	3.04	Other
1004	31.25	3.07	Other
711	31.25	3.09	Other
635	31.25	3.16	Other
670	31.25	3.13	Other
802	31.25	3.16	Other
567	31.25	3.17	Other
593	31.25	3.27	Other
997	31.25	3.27	Other
705	31.25	3.34	Other
659	31.25	3.39	Other
692	31.25	3.45	Other
1126	31.25	3.46	Other
792	31.25	3.54	Other
1133	31.25	3.55	Other
924	31.25	3.6	Other
681	28.12	1.18	Other
1119	28.12	1.54	Other
1121	28.12	1.62	Other
672	28.12	1.72	Other
1127	28.12	2.02	Other
852	28.12	2.07	Other
1122	28.12	2.44	Other
1124	28.12	2.63	Other
804	28.12	3.09	Other
759	28.12	3.13	Other
162	28.12	0.86	Other
1445	28.12	0.86	Other
1447	28.12	1.12	Other
361	28.12	1.3	Other
159	28.12	1.32	Other
80	28.12	1.36	Other
1152	28.12	1.44	Other
92	28.12	1.56	Other
52	28.12	1.56	Other
83	28.12	1.65	Other
395	28.12	1.7	Other
1210	28.12	1.72	Other
182	28.12	1.72	Other
385	28.12	1.76	Other
265	28.12	1.78	Other
184	28.12	1.81	Other
1196	28.12	1.84	Other
186	28.12	1.89	Other
1153	28.12	1.95	Other
350	28.12	1.98	Other
1166	28.12	2.01	Other
95	28.12	1.9	Other
294	28.12	2.03	Other
347	28.12	2.08	Other
397	28.12	2.08	Other
42	28.12	2.16	Other
319	28.12	2.18	Other
39	28.12	2.18	Other
44	28.12	2.19	Other
1167	28.12	2.25	Other
32	28.12	2.25	Other
218	28.12	2.28	Other
389	28.12	2.28	Other
290	28.12	2.29	Other
63	28.12	2.31	Other
1163	28.12	2.33	Other
122	28.12	2.33	Other
1164	28.12	2.34	Other
179	28.12	2.36	Other
230	28.12	2.41	Other
34	28.12	2.41	Other
394	28.12	2.58	Other
316	28.12	2.6	Other
1160	28.12	2.75	Other
382	28.12	2.78	Other
483	28.12	2.79	Other
37	28.12	2.88	Other
464	28.12	2.88	Other
507	28.12	2.92	Other
584	28.12	2.93	Other
510	28.12	2.93	Other
532	28.12	2.97	Other
794	28.12	3.01	Other
519	28.12	3.04	Other
98	28.12	3.05	Other
695	28.12	3.08	Other
646	28.12	3.12	Other
496	28.12	3.14	Other
829	28.12	3.16	Other
658	28.12	3.18	Other
1117	28.12	3.27	Other
835	28.12	3.3	Other
577	28.12	3.39	Other
822	28.12	3.39	Other
553	28.12	3.41	Other
535	28.12	3.46	Other
761	28.12	3.57	Other
554	28.12	3.59	Other
744	28.12	3.69	Other
696	25	1.42	Other
799	25	1.84	Other
922	25	1.89	Other
782	25	1.95	Other
655	25	2.13	Other
760	25	2.95	Other
758	25	3.2	Other
1078	25	3.65	Other
377	25	0.95	Other
135	25	1	Other
232	25	1.07	Other
1299	25	1.11	Other
173	25	1.13	Other
200	25	1.16	Other
359	25	1.18	Other
139	25	1.24	Other
233	25	1.26	Other
237	25	1.26	Other
239	25	1.29	Other
1446	25	1.3	Other
1356	25	1.44	Other
133	25	1.45	Other
49	25	1.5	Other
79	25	1.54	Other
270	25	1.54	Other
1157	25	1.57	Other
278	25	1.68	Other
1171	25	1.72	Other
220	25	1.72	Other
90	25	1.72	Other
181	25	1.74	Other
1195	25	1.75	Other
274	25	1.75	Other
1180	25	1.78	Other
1202	25	1.79	Other
1218	25	1.79	Other
212	25	1.82	Other
1245	25	1.84	Other
1353	25	1.84	Other
185	25	1.92	Other
75	25	1.92	Other
349	25	1.93	Other
277	25	1.96	Other
292	25	1.96	Other
387	25	1.99	Other
25	25	1.99	Other
213	25	2.02	Other
603	25	2.02	Other
750	25	2.13	Other
67	25	2.03	Other
266	25	2.15	Other
289	25	2.18	Other
53	25	2.19	Other
392	25	2.2	Other
504	25	2.25	Other
491	25	2.26	Other
384	25	2.27	Other
1162	25	2.28	Other
747	25	2.34	Other
1165	25	2.34	Other
103	25	2.41	Other
486	25	2.43	Other
396	25	2.45	Other
1161	25	2.47	Other
585	25	2.51	Other
1136	25	2.6	Other
1146	25	2.62	Other
1168	25	2.67	Other
437	25	2.71	Other
1170	25	2.77	Other
737	25	2.96	Other
61	25	2.97	Other
636	25	2.98	Other
676	25	2.97	Other
1142	25	3.04	Other
795	25	3.1	Other
1145	25	3.14	Other
645	25	3.16	Other
707	25	3.18	Other
699	25	3.21	Other
570	25	3.22	Other
523	25	3.29	Other
574	25	3.41	Other
716	25	3.46	Other
573	21.88	1.54	Other
678	21.88	1.65	Other
501	21.88	1.76	Other
996	21.88	2.26	Other
590	21.88	2.46	Other
680	21.88	2.49	Other
562	21.88	2.69	Other
923	21.88	2.75	Other
371	21.88	0.81	Other
1306	21.88	0.81	Other
47	21.88	0.9	Other
1371	21.88	1	Other
158	21.88	1.05	Other
202	21.88	1.05	Other
170	21.88	1.06	Other
57	21.88	1.07	Other
164	21.88	1.07	Other
358	21.88	1.07	Other
156	21.88	1.08	Other
1363	21.88	1.14	Other
1411	21.88	1.16	Other
81	21.88	1.23	Other
1397	21.88	1.26	Other
456	21.88	1.3	Other
29	21.88	1.32	Other
204	21.88	1.32	Other
360	21.88	1.32	Other
174	21.88	1.35	Other
23	21.88	1.38	Other
161	21.88	1.39	Other
1192	21.88	1.39	Other
1246	21.88	1.42	Other
251	21.88	1.42	Other
607	21.88	1.42	Other
1149	21.88	1.44	Other
1193	21.88	1.45	Other
236	21.88	1.45	Other
279	21.88	1.56	Other
1155	21.88	1.57	Other
1203	21.88	1.57	Other
243	21.88	1.6	Other
476	21.88	1.6	Other
141	21.88	1.6	Other
494	21.88	1.62	Other
1205	21.88	1.64	Other
27	21.88	1.66	Other
247	21.88	1.68	Other
241	21.88	1.69	Other
160	21.88	1.72	Other
77	21.88	1.72	Other
50	21.88	1.72	Other
73	21.88	1.74	Other
147	21.88	1.74	Other
21	21.88	1.74	Other
226	21.88	1.74	Other
285	21.88	1.74	Other
539	21.88	1.76	Other
1274	21.88	1.76	Other
175	21.88	1.78	Other
221	21.88	1.78	Other
339	21.88	1.8	Other
1181	21.88	1.82	Other
40	21.88	1.84	Other
26	21.88	1.87	Other
209	21.88	1.93	Other
210	21.88	1.95	Other
1214	21.88	1.96	Other
1357	21.88	1.98	Other
352	21.88	1.98	Other
219	21.88	1.99	Other
338	21.88	2.02	Other
393	21.88	2.02	Other
87	21.88	2.03	Other
340	21.88	2.03	Other
381	21.88	2.03	Other
306	21.88	2.04	Other
604	21.88	2.04	Other
1176	21.88	2.06	Other
18	21.88	2.08	Other
351	21.88	2.13	Other
1169	21.88	2.13	Other
1211	21.88	2.14	Other
183	21.88	2.17	Other
477	21.88	2.18	Other
1200	21.88	2.18	Other
1330	21.88	2.21	Other
313	21.88	2.23	Other
749	21.88	2.24	Other
1158	21.88	2.24	Other
1178	21.88	2.27	Other
20	21.88	2.29	Other
386	21.88	2.3	Other
180	21.88	2.31	Other
487	21.88	2.32	Other
69	21.88	2.45	Other
228	21.88	2.41	Other
1159	21.88	2.45	Other
463	21.88	2.47	Other
19	21.88	2.49	Other
1213	21.88	2.51	Other
461	21.88	2.57	Other
467	21.88	2.58	Other
100	21.88	2.6	Other
126	21.88	2.65	Other
637	21.88	2.65	Other
839	21.88	2.73	Other
600	21.88	2.74	Other
124	21.88	2.8	Other
525	21.88	2.84	Other
502	21.88	2.98	Other
726	21.88	3.01	Other
821	21.88	3.02	Other
534	21.88	3.08	Other
566	21.88	3.08	Other
564	21.88	3.08	Other
643	21.88	3.12	Other
648	21.88	3.12	Other
500	21.88	3.12	Other
638	21.88	3.15	Other
569	21.88	3.22	Other
825	21.88	3.23	Other
697	21.88	3.3	Other
706	21.88	3.3	Other
857	21.88	3.33	Other
1130	21.88	3.37	Other
682	21.88	3.48	Other
858	21.88	3.5	Other
788	21.88	3.53	Other
557	21.88	3.78	Other
779	18.75	1.39	Other
781	18.75	1.54	Other
798	18.75	1.87	Other
669	18.75	2.04	Other
828	18.75	2.04	Other
666	18.75	2.32	Other
673	18.75	3.02	Other
801	18.75	3.33	Other
617	18.75	0.7	Other
1443	18.75	0.7	Other
190	18.75	0.88	Other
238	18.75	0.88	Other
188	18.75	0.93	Other
157	18.75	0.97	Other
191	18.75	0.97	Other
367	18.75	0.97	Other
615	18.75	0.97	Other
1390	18.75	0.97	Other
150	18.75	1.01	Other
1244	18.75	1.01	Other
327	18.75	1.03	Other
72	18.75	1.05	Other
1220	18.75	1.06	Other
370	18.75	1.07	Other
623	18.75	1.12	Other
171	18.75	1.31	Other
1219	18.75	1.12	Other
1288	18.75	1.16	Other
376	18.75	1.16	Other
620	18.75	1.16	Other
1392	18.75	1.17	Other
300	18.75	1.2	Other
106	18.75	1.2	Other
434	18.75	1.25	Other
140	18.75	1.26	Other
137	18.75	1.26	Other
249	18.75	1.26	Other
255	18.75	1.26	Other
269	18.75	1.26	Other
271	18.75	1.26	Other
1309	18.75	1.3	Other
1412	18.75	1.32	Other
48	18.75	1.32	Other
142	18.75	1.35	Other
145	18.75	1.35	Other
71	18.75	1.35	Other
187	18.75	1.35	Other
201	18.75	1.35	Other
303	18.75	1.35	Other
1393	18.75	1.37	Other
1394	18.75	1.41	Other
613	18.75	1.45	Other
1370	18.75	1.45	Other
234	18.75	1.45	Other
1301	18.75	1.48	Other
1365	18.75	1.48	Other
453	18.75	1.48	Other
482	18.75	1.49	Other
1369	18.75	1.5	Other
1341	18.75	1.5	Other
41	18.75	1.54	Other
1206	18.75	1.55	Other
138	18.75	1.56	Other
1173	18.75	1.57	Other
1340	18.75	1.51	Other
1174	18.75	1.6	Other
1302	18.75	1.63	Other
85	18.75	1.63	Other
205	18.75	1.64	Other
320	18.75	1.64	Other
275	18.75	1.66	Other
283	18.75	1.66	Other
540	18.75	1.66	Other
1194	18.75	1.69	Other
470	18.75	1.69	Other
1354	18.75	1.69	Other
1396	18.75	1.7	Other
22	18.75	1.72	Other
263	18.75	1.75	Other
1217	18.75	1.78	Other
610	18.75	1.81	Other
301	18.75	1.81	Other
1342	18.75	1.83	Other
1209	18.75	1.87	Other
93	18.75	1.88	Other
612	18.75	1.9	Other
344	18.75	1.9	Other
1172	18.75	1.91	Other
284	18.75	1.92	Other
24	18.75	1.92	Other
38	18.75	1.92	Other
314	18.75	1.94	Other
493	18.75	1.99	Other
76	18.75	1.99	Other
217	18.75	2.03	Other
287	18.75	2.03	Other
312	18.75	2.03	Other
1135	18.75	2.08	Other
272	18.75	2.18	Other
481	18.75	2.24	Other
280	18.75	2.29	Other
471	18.75	2.32	Other
1300	18.75	2.5	Other
94	18.75	2.58	Other
459	18.75	2.61	Other
748	18.75	2.78	Other
337	18.75	2.81	Other
649	18.75	2.87	Other
708	18.75	2.88	Other
383	18.75	2.94	Other
704	18.75	2.95	Other
827	18.75	3.05	Other
438	18.75	3.16	Other
651	18.75	3.19	Other
1131	18.75	3.19	Other
318	18.75	3.23	Other
580	18.75	3.3	Other
701	18.75	3.31	Other
713	18.75	3.43	Other
537	15.62	1.07	Other
627	15.62	1.26	Other
813	15.62	1.84	Other
677	15.62	1.94	Other
812	15.62	0.87	Other
856	15.62	0.88	Other
1444	15.62	0.88	Other
195	15.62	0.93	Other
369	15.62	0.93	Other
1148	15.62	0.95	Other
1	15.62	0.97	Other
1387	15.62	0.97	Other
253	15.62	0.97	Other
153	15.62	0.97	Other
193	15.62	0.97	Other
1395	15.62	1.01	Other
1441	15.62	1.03	Other
1442	15.62	1.03	Other
1190	15.62	1.06	Other
192	15.62	1.06	Other
296	15.62	1.06	Other
363	15.62	1.12	Other
1359	15.62	1.16	Other
1440	15.62	1.16	Other
152	15.62	1.16	Other
356	15.62	1.19	Other
619	15.62	1.22	Other
1360	15.62	1.22	Other
332	15.62	1.25	Other
120	15.62	1.25	Other
1221	15.62	1.25	Other
131	15.62	1.25	Other
333	15.62	1.25	Other
621	15.62	1.25	Other
1276	15.62	1.29	Other
1358	15.62	1.32	Other
1391	15.62	1.35	Other
1364	15.62	1.35	Other
231	15.62	1.35	Other
172	15.62	1.35	Other
1303	15.62	1.35	Other
1305	15.62	1.37	Other
1352	15.62	1.43	Other
1362	15.62	1.43	Other
1372	15.62	1.44	Other
362	15.62	1.45	Other
1223	15.62	1.48	Other
1368	15.62	1.48	Other
375	15.62	1.48	Other
1191	15.62	1.49	Other
88	15.62	1.51	Other
252	15.62	1.51	Other
1247	15.62	1.54	Other
28	15.62	1.54	Other
1216	15.62	1.54	Other
1275	15.62	1.54	Other
58	15.62	1.56	Other
134	15.62	1.56	Other
240	15.62	1.57	Other
248	15.62	1.62	Other
608	15.62	1.62	Other
146	15.62	1.63	Other
1350	15.62	1.64	Other
1189	15.62	1.66	Other
473	15.62	1.66	Other
1277	15.62	1.66	Other
334	15.62	1.68	Other
245	15.62	1.68	Other
224	15.62	1.69	Other
261	15.62	1.75	Other
264	15.62	1.81	Other
143	15.62	1.81	Other
472	15.62	1.84	Other
223	15.62	1.84	Other
457	15.62	1.91	Other
54	15.62	1.92	Other
55	15.62	1.92	Other
305	15.62	1.94	Other
342	15.62	1.96	Other
475	15.62	1.98	Other
310	15.62	2.17	Other
757	15.62	2.03	Other
455	15.62	2.1	Other
1331	15.62	2.17	Other
388	15.62	2.27	Other
89	15.62	2.35	Other
222	15.62	2.43	Other
402	15.62	2.46	Other
478	15.62	2.49	Other
1338	15.62	2.52	Other
51	15.62	2.61	Other
520	15.62	2.67	Other
505	15.62	2.74	Other
465	15.62	2.75	Other
484	15.62	2.88	Other
675	15.62	2.92	Other
516	15.62	2.97	Other
745	15.62	2.99	Other
859	15.62	3.06	Other
439	15.62	3.08	Other
725	15.62	3.09	Other
717	15.62	3.1	Other
832	15.62	3.4	Other
642	15.62	3.59	Other
837	12.5	1.56	Other
647	12.5	0.88	Other
634	12.5	1.45	Other
576	12.5	1.54	Other
639	12.5	2.09	Other
797	12.5	3.18	Other
776	12.5	0.54	Other
1408	12.5	0.64	Other
329	12.5	0.64	Other
778	12.5	0.64	Other
1290	12.5	0.7	Other
1433	12.5	0.73	Other
1428	12.5	0.74	Other
1416	12.5	0.82	Other
6	12.5	0.82	Other
1234	12.5	0.84	Other
5	12.5	0.84	Other
109	12.5	0.86	Other
1239	12.5	0.88	Other
198	12.5	0.93	Other
616	12.5	0.93	Other
1409	12.5	0.97	Other
3	12.5	0.97	Other
108	12.5	0.97	Other
189	12.5	0.97	Other
1235	12.5	0.97	Other
1243	12.5	0.97	Other
1250	12.5	0.97	Other
1287	12.5	0.99	Other
1337	12.5	1.03	Other
56	12.5	1.03	Other
105	12.5	1.03	Other
325	12.5	1.03	Other
429	12.5	1.03	Other
1242	12.5	1.03	Other
1311	12.5	1.03	Other
1388	12.5	1.03	Other
1439	12.5	1.06	Other
614	12.5	1.06	Other
1236	12.5	1.07	Other
618	12.5	1.08	Other
432	12.5	1.1	Other
151	12.5	1.1	Other
365	12.5	1.12	Other
194	12.5	1.12	Other
354	12.5	1.12	Other
1222	12.5	1.12	Other
1230	12.5	1.12	Other
1307	12.5	1.13	Other
544	12.5	1.16	Other
127	12.5	1.16	Other
165	12.5	1.16	Other
295	12.5	1.16	Other
373	12.5	1.16	Other
622	12.5	1.16	Other
1240	12.5	1.2	Other
1294	12.5	1.22	Other
203	12.5	1.22	Other
206	12.5	1.22	Other
208	12.5	1.22	Other
368	12.5	1.22	Other
430	12.5	1.25	Other
104	12.5	1.25	Other
207	12.5	1.25	Other
297	12.5	1.25	Other
323	12.5	1.25	Other
458	12.5	1.29	Other
9	12.5	1.29	Other
254	12.5	1.29	Other
330	12.5	1.29	Other
1349	12.5	1.31	Other
1336	12.5	1.32	Other
1343	12.5	1.35	Other
372	12.5	1.35	Other
751	12.5	1.37	Other
331	12.5	1.37	Other
1248	12.5	1.37	Other
1389	12.5	1.39	Other
13	12.5	1.44	Other
155	12.5	1.44	Other
543	12.5	1.44	Other
1204	12.5	1.48	Other
30	12.5	1.48	Other
132	12.5	1.48	Other
454	12.5	1.54	Other
235	12.5	1.54	Other
258	12.5	1.54	Other
299	12.5	1.56	Other
1273	12.5	1.57	Other
1175	12.5	1.6	Other
246	12.5	1.6	Other
1304	12.5	1.62	Other
244	12.5	1.67	Other
401	12.5	1.68	Other
605	12.5	1.68	Other
609	12.5	1.72	Other
144	12.5	1.72	Other
298	12.5	1.74	Other
74	12.5	1.74	Other
541	12.5	1.76	Other
469	12.5	1.78	Other
311	12.5	1.79	Other
149	12.5	1.79	Other
307	12.5	1.81	Other
755	12.5	1.84	Other
11	12.5	1.91	Other
281	12.5	1.91	Other
400	12.5	2.11	Other
1339	12.5	2.18	Other
315	12.5	2.2	Other
96	12.5	2.29	Other
480	12.5	2.56	Other
811	12.5	2.5	Other
468	12.5	2.62	Other
462	12.5	2.62	Other
724	12.5	2.71	Other
515	12.5	2.95	Other
723	12.5	2.98	Other
662	12.5	2.99	Other
526	12.5	3.04	Other
503	12.5	3.05	Other
536	12.5	3.09	Other
720	12.5	3.21	Other
814	12.5	3.24	Other
721	12.5	3.26	Other
694	12.5	3.27	Other
740	12.5	3.39	Other
785	12.5	3.56	Other
831	9.38	1.54	Other
816	9.38	3.09	Other
110	9.38	0.45	Other
111	9.38	0.45	Other
112	9.38	0.45	Other
113	9.38	0.45	Other
114	9.38	0.45	Other
115	9.38	0.45	Other
116	9.38	0.45	Other
117	9.38	0.45	Other
118	9.38	0.45	Other
119	9.38	0.45	Other
1237	9.38	0.45	Other
1297	9.38	0.45	Other
1238	9.38	0.53	Other
1296	9.38	0.53	Other
1422	9.38	0.53	Other
1399	9.38	0.54	Other
1185	9.38	0.64	Other
1317	9.38	0.64	Other
1373	9.38	0.64	Other
1419	9.38	0.64	Other
1429	9.38	0.64	Other
1285	9.38	0.67	Other
1225	9.38	0.73	Other
1420	9.38	0.73	Other
4	9.38	0.74	Other
353	9.38	0.82	Other
8	9.38	0.84	Other
167	9.38	0.84	Other
1417	9.38	0.84	Other
1421	9.38	0.84	Other
7	9.38	0.93	Other
154	9.38	0.93	Other
168	9.38	0.93	Other
1188	9.38	0.93	Other
1282	9.38	0.93	Other
1283	9.38	0.93	Other
1286	9.38	0.93	Other
1406	9.38	0.93	Other
1407	9.38	0.93	Other
1418	9.38	0.93	Other
1438	9.38	0.93	Other
326	9.38	0.97	Other
355	9.38	0.97	Other
425	9.38	0.97	Other
1434	9.38	0.97	Other
777	9.38	0.99	Other
1333	9.38	0.99	Other
1436	9.38	0.99	Other
86	9.38	1.03	Other
259	9.38	1.03	Other
321	9.38	1.03	Other
1232	9.38	1.03	Other
1233	9.38	1.03	Other
1241	9.38	1.03	Other
1435	9.38	1.03	Other
197	9.38	1.07	Other
196	9.38	1.12	Other
328	9.38	1.12	Other
1344	9.38	1.12	Other
136	9.38	1.13	Other
2	9.38	1.16	Other
10	9.38	1.35	Other
107	9.38	1.16	Other
1308	9.38	1.16	Other
1361	9.38	1.16	Other
1398	9.38	1.16	Other
364	9.38	1.18	Other
366	9.38	1.18	Other
163	9.38	1.22	Other
357	9.38	1.22	Other
199	9.38	1.25	Other
374	9.38	1.25	Other
1334	9.38	1.25	Other
14	9.38	1.31	Other
324	9.38	1.31	Other
322	9.38	1.35	Other
433	9.38	1.37	Other
1279	9.38	1.37	Other
148	9.38	1.45	Other
378	9.38	1.45	Other
16	9.38	1.48	Other
250	9.38	1.48	Other
260	9.38	1.51	Other
474	9.38	1.51	Other
256	9.38	1.54	Other
796	9.38	1.56	Other
1355	9.38	1.56	Other
262	9.38	1.57	Other
242	9.38	1.66	Other
282	9.38	1.66	Other
302	9.38	1.66	Other
611	9.38	1.66	Other
308	9.38	1.68	Other
82	9.38	1.72	Other
488	9.38	2.22	Other
348	9.38	2.2	Other
490	9.38	2.32	Other
398	9.38	2.49	Other
650	9.38	2.52	Other
581	9.38	2.77	Other
582	9.38	3	Other
722	9.38	3.1	Other
1227	6.25	0.34	Other
426	6.25	0.4	Other
1226	6.25	0.4	Other
1254	6.25	0.4	Other
1255	6.25	0.4	Other
1258	6.25	0.4	Other
1264	6.25	0.4	Other
1327	6.25	0.4	Other
1404	6.25	0.4	Other
1298	6.25	0.45	Other
1402	6.25	0.45	Other
428	6.25	0.53	Other
446	6.25	0.53	Other
1186	6.25	0.53	Other
1295	6.25	0.53	Other
1319	6.25	0.53	Other
166	6.25	0.6	Other
1228	6.25	0.6	Other
1251	6.25	0.6	Other
1315	6.25	0.6	Other
1320	6.25	0.6	Other
1424	6.25	0.6	Other
169	6.25	0.64	Other
1183	6.25	0.64	Other
1314	6.25	0.64	Other
1378	6.25	0.64	Other
1380	6.25	0.64	Other
1400	6.25	0.64	Other
1413	6.25	0.64	Other
1426	6.25	0.64	Other
442	6.25	0.67	Other
1403	6.25	0.67	Other
1329	6.25	0.73	Other
1366	6.25	0.73	Other
1379	6.25	0.73	Other
1384	6.25	0.73	Other
1414	6.25	0.73	Other
1425	6.25	0.73	Other
1312	6.25	0.79	Other
1313	6.25	0.79	Other
1374	6.25	0.79	Other
1316	6.25	0.86	Other
1292	6.25	0.93	Other
1318	6.25	0.93	Other
1332	6.25	0.93	Other
1405	6.25	0.99	Other
1249	6.25	1.03	Other
1348	6.25	1.03	Other
1367	6.25	1.03	Other
1231	6.25	1.12	Other
1280	6.25	1.12	Other
1431	6.25	1.03	Other
1432	6.25	1.12	Other
1347	6.25	1.18	Other
424	6.25	1.22	Other
1335	6.25	1.25	Other
855	6.25	1.31	Other
129	6.25	1.35	Other
130	6.25	1.35	Other
12	6.25	1.37	Other
754	6.25	1.37	Other
1293	6.25	1.44	Other
542	6.25	1.48	Other
1224	6.25	1.48	Other
15	6.25	1.66	Other
335	6.25	1.81	Other
756	6.25	1.84	Other
489	6.25	1.95	Other
346	6.25	2.37	Other
727	6.25	2.39	Other
784	6.25	3.37	Other
421	3.12	0.2	Other
427	3.12	0.2	Other
1215	3.12	0.2	Other
1268	3.12	0.2	Other
1269	3.12	0.2	Other
1326	3.12	0.2	Other
1262	3.12	0.34	Other
1263	3.12	0.34	Other
1267	3.12	0.34	Other
436	3.12	0.4	Other
1253	3.12	0.4	Other
1261	3.12	0.4	Other
1265	3.12	0.4	Other
1266	3.12	0.4	Other
1382	3.12	0.45	Other
445	3.12	0.53	Other
449	3.12	0.53	Other
1252	3.12	0.53	Other
1381	3.12	0.53	Other
1423	3.12	0.53	Other
448	3.12	0.6	Other
450	3.12	0.6	Other
451	3.12	0.6	Other
1184	3.12	0.6	Other
1386	3.12	0.6	Other
1415	3.12	0.6	Other
1289	3.12	0.64	Other
1401	3.12	0.67	Other
1187	3.12	0.73	Other
1229	3.12	0.73	Other
1383	3.12	0.73	Other
1427	3.12	0.73	Other
854	3.12	0.79	Other
1291	3.12	0.79	Other
1375	3.12	0.79	Other
1437	3.12	0.93	Other
1410	3.12	0.99	Other
441	3.12	1.03	Other
1430	3.12	1.03	Other
1310	3.12	1.12	Other
431	3.12	1.16	Other
1281	3.12	1.26	Other
128	3.12	1.31	Other
17	3.12	1.32	Other
752	3.12	1.56	Other
1345	3.12	1.44	Other
1272	3.12	1.48	Other
753	3.12	1.56	Other
1278	3.12	1.56	Other
304	3.12	1.81	Other
309	3.12	1.84	Other
403	0	0	Other
404	0	0	Other
405	0	0	Other
406	0	0	Other
407	0	0	Other
408	0	0	Other
409	0	0	Other
418	0	0	Other
419	0	0	Other
422	0	0	Other
423	0	0	Other
410	0	0.2	Other
411	0	0.2	Other
412	0	0.2	Other
413	0	0.2	Other
414	0	0.2	Other
415	0	0.2	Other
416	0	0.2	Other
417	0	0.2	Other
420	0	0.2	Other
435	0	0.2	Other
444	0	0.2	Other
1260	0	0.2	Other
1270	0	0.2	Other
1271	0	0.2	Other
1321	0	0.2	Other
1322	0	0.2	Other
1323	0	0.2	Other
1324	0	0.2	Other
1325	0	0.2	Other
1346	0	0.2	Other
1256	0	0.4	Other
1257	0	0.4	Other
1259	0	0.4	Other
1376	0	0.4	Other
1377	0	0.4	Other
447	0	0.53	Other
452	0	0.6	Other
1284	0	0.6	Other
1328	0	0.6	Other
1385	0	0.6	Other
443	0	0.79	Other
1182	0	0.79	Other
